0 1
1 1
2 1
3 1
4 2
5 2
6 0
7 1
8 1
9 0
10 1
11 0
12 2
13 1
14 0
15 0
16 0
17 1
18 0
19 2
20 2
21 2
22 2
23 0
24 1
25 2
26 1
27 2
28 1
29 1
30 2
31 0
32 1
33 1
34 1
35 0
36 2
37 1
38 2
39 0
40 0
41 0
42 0
43 0
44 0
45 2
46 1
47 0
48 1
49 1
50 2
51 0
52 1
53 0
54 2
55 0
56 1
57 0
58 2
59 0
60 1
61 2
62 0
63 1
64 2
65 0
66 0
67 1
68 2
69 0
70 2
71 1
72 0
73 2
74 1
75 1
76 1
77 0
78 2
79 1
80 1
81 0
82 1
83 2
84 1
85 1
86 2
87 1
88 2
89 1
90 2
91 2
92 1
93 2
94 2
95 2
96 0
97 0
98 1
99 1
100 1
101 2
102 1
103 1
104 0
105 0
106 1
107 2
108 1
109 1
110 2
111 0
112 1
113 2
114 1
115 1
116 2
117 1
118 2
119 2
120 0
121 0
122 1
123 2
124 0
125 2
126 0
127 2
128 0
129 2
130 0
131 2
132 0
133 1
134 1
135 2
136 2
137 1
138 1
139 2
140 0
141 0
142 1
143 2
144 0
145 0
146 0
147 1
148 0
149 0
150 2
151 0
152 0
153 2
154 2
155 2
156 2
157 2
158 0
159 0
160 2
161 1
162 2
163 1
164 0
165 2
166 2
167 2
168 2
169 2
170 2
171 1
172 1
173 0
174 0
175 1
176 2
177 0
178 0
179 2
180 1
181 2
182 0
183 0
184 2
185 0
186 0
187 2
188 1
189 2
190 0
191 0
192 1
193 1
194 1
195 0
196 1
197 1
198 0
199 1
200 2
201 1
202 0
203 1
204 2
205 0
206 1
207 2
208 0
209 0
210 2
211 0
212 0
213 1
214 2
215 2
216 1
217 2
218 1
219 2
220 1
221 2
222 2
223 2
224 0
225 0
226 0
227 1
228 0
229 1
230 1
231 0
232 0
233 2
234 2
235 0
236 1
237 0
238 1
239 0
240 1
241 1
242 0
243 0
244 0
245 0
246 0
247 0
248 0
249 1
250 0
251 0
252 2
253 2
254 2
255 2
256 0
257 1
258 0
259 1
260 2
261 1
262 0
263 2
264 2
265 1
266 2
267 1
268 2
269 1
270 2
271 0
272 1
273 0
274 2
275 2
276 1
277 1
278 2
279 2
280 0
281 0
282 0
283 0
284 2
285 2
286 0
287 2
288 2
289 1
290 2
291 1
292 0
293 1
294 2
295 1
296 1
297 1
298 2
299 1
